0.0291
0.000954
0.00119
0.000954
0.0
0.0
0.0
0.0
0.0
0.00119
0.0
0.000954
0.000954
0.0
0.000954
0.0
0.0
0.0
0.0
0.000954
0.0
0.0
0.0
0.000954
0.000954
0.0
0.0
0.0
0.0
0.0
0.0
0.000954
0.000954
0.0
0.0
0.0
0.000954
0.000954
0.0
0.0
0.0
0.000954
0.0
0.000954
0.0
0.0
0.0
0.0
0.0
0.000954
0.0
0.000954
0.0
0.0
0.0
0.0
0.000954
0.0
0.0
0.000954
0.000954
0.000954
0.0
0.0
0.0
0.000954
0.0
0.0
0.0
0.0
0.0
0.0
0.0
0.0
0.0
0.000954
0.000954
0.0
0.0
0.0
0.0
0.0
0.0
0.000954
0.0
0.00119
0.000954
0.0
0.000954
0.0
0.0
0.000954
0.0
0.0
0.000954
0.0
0.0
0.0
0.0
0.000954
0.000954
0.000954
0.0
0.0
0.0
0.0
0.000954
0.000954
0.0
0.0
0.000954
0.0
0.0
0.0
0.000954
0.0
0.0
0.00119
0.00119
0.0
0.000954
0.0
0.0
0.000954
0.0
0.0
0.0
0.000954
0.0
0.0
0.000954
0.0
0.000954
0.0
0.0
0.0
0.000954
0.0
0.0
0.0
0.0
0.0
0.0
0.0
0.0
0.0
0.0
0.0
0.0
0.0
0.000954
0.0
0.0
0.000954
0.000954
0.0
0.0
0.0
0.0
0.0
0.0
0.0
0.0
0.0
0.0
0.0
0.000954
0.0
0.000954
0.0
0.000954
0.0
0.000954
0.00119
0.0
0.0
0.0
0.000954
0.000954
0.0
0.0
0.0
0.000954
0.0
0.0
0.00119
0.000954
0.00119
0.0
0.000954
0.0
0.0
0.0
0.0
0.0
0.0
0.0
0.0
0.0
0.0
0.0
0.0
0.0
0.0
0.0
0.0
0.0
0.0
0.0
0.000954
0.0
0.000954
0.000954
0.0
0.000954
0.0
0.000954
0.0
0.0
0.000954
0.0
0.0
0.0
0.0
0.00119
0.0
0.0
0.0
0.0
0.0
0.0
0.0
0.000954
0.00119
0.0
0.0
0.0
0.0
0.000954
0.000954
0.0
0.0
0.0
0.000954
0.0
0.0
0.0
0.0
0.0
0.0
0.0
0.0
0.0
0.0
0.000954
0.0
0.0
0.0
0.000954
0.000954
0.0
0.000954
0.0
0.0
0.000954
0.0
0.0
0.0
0.0
0.0
0.0
0.0
0.0
0.0
0.0
0.0
0.0
0.0
0.0
0.0
0.0
0.0
0.0
0.0
0.0
0.0
0.0
0.0
0.0
0.000954
0.0
0.0
0.000954
0.0
0.000954
0.000954
0.000954
0.000954
0.0
0.0
0.0
0.000954
0.0
0.0
0.0
0.000954
0.0
0.0
0.000954
0.0
0.0
0.000954
0.0
0.000954
0.0
0.0
0.0
0.0
0.00119
0.0
0.0
0.0
0.000954
0.0
0.0
0.0
0.0
0.000954
0.0
0.00119
0.000954
0.0
0.0
0.0
0.0
0.0
0.0
0.0
0.0
0.0
0.0
0.000954
0.000954
0.0
0.000954
0.0
0.0
0.0
0.000954
0.0
0.0
0.000954
0.000954
0.0
0.0
0.000954
0.0
0.000954
0.0
0.000954
0.000954
0.0
0.000954
0.000954
0.0
0.0
0.0
0.0
0.0
0.000954
0.000954
0.0
0.0
0.000954
0.0
0.0
0.00119
0.0
0.0
0.0
0.000954
0.0
0.0
0.0
0.0
0.0
0.0
0.0
0.0
0.0
0.0
0.000954
0.000954
0.000954
0.0
0.0
0.0
0.0
0.0
0.0
0.000954
0.0
0.0
0.0
0.0
0.0
0.000954
0.0
0.0
0.0
0.0
0.0
0.000954
0.0
0.0
0.000954
0.000954
0.000954
0.0
0.0
0.0
0.0
0.0
0.0
0.0
0.0
0.000954
0.0
0.0
0.0
0.0
0.0
0.0
0.000954
0.0
0.0
0.0
0.000954
0.000954
0.0
0.000954
0.0
0.0
0.0
0.0
0.0
0.0
0.0
0.0
0.000954
0.0
0.000954
0.0
0.0
0.0
0.0
0.0
0.00119
0.0
0.000954
0.0
0.0
0.000954
0.0
0.0
0.000954
0.0
0.0
0.0
0.000954
0.0
0.0
0.0
0.000954
0.0
0.000954
0.0
0.0
0.000954
0.000954
0.00119
0.0
0.00119
0.0
0.0
0.0
0.00119
0.0
0.0
0.00119
0.00119
0.0
0.0
0.0
0.0
0.0
0.0
0.0
0.000954
0.0
0.0031
0.0
0.000954
0.0
0.0031
0.0
0.0
0.0
0.000954
0.0
0.0
0.000954
0.000954
0.000954
0.0
0.000954
0.0
0.000954
0.0
0.0
0.0
0.000954
0.000954
0.0
0.00119
0.000954
0.000954
0.0
0.000954
0.0
0.0
0.0
0.0
0.0
0.00119
0.0
0.000954
0.000954
0.000954
0.0
0.0
0.0
0.0
0.000954
0.0
0.0
0.0
0.0
0.0
0.000954
0.000954
0.000954
0.0
0.000954
0.0
0.0
0.0
0.0
0.00119
0.0
0.0
0.0
0.0
0.0
0.000954
0.0
0.000954
0.00119
0.0
0.0
0.0
0.00119
0.00119
0.0
0.0
0.000954
0.0
0.0
0.0
0.0
0.0
0.0
0.0
0.0
0.0
0.0
0.0
0.0
0.000954
0.0
0.000954
0.00119
0.0
0.0
0.0
0.0
0.0
0.0
0.0
0.0
0.000954
0.0
0.00119
0.00119
0.0
0.0
0.000954
0.0
0.0
0.0
0.0
0.0
0.0
0.000954
0.0
0.0
0.000954
0.0
0.000954
0.000954
0.0
0.0
0.0
0.0
0.0
0.0
0.000954
0.0
0.0
0.0
0.0
0.000954
0.0
0.0
0.0
0.00119
0.000954
0.0
0.0
0.0
0.0
0.0
0.0
0.0
0.000954
0.0
0.0
0.0
0.0
0.0
0.0
0.0
0.0
0.00191
0.0
0.0241
0.00787
0.0
0.000954
0.0
0.0
0.000954
0.00286
0.0
0.0
0.00119
0.0
0.0
0.0
0.000954
0.00405
0.000954
0.0031
0.0
0.000954
0.000954
0.00119
0.0
0.0
0.000954
0.0
0.0
0.0
0.00119
0.0
0.0
0.000954
0.0
0.0
0.0
0.00286
0.0031
0.0
0.0
0.0
0.0
0.0
0.0
0.0
0.0
0.0
0.000954
0.0279
0.0
0.0
0.00501
0.0062
0.0
0.00501
0.0
0.00405
0.00286
0.000954
0.0
0.0279
0.00501
0.00119
0.00405
0.0169
0.0
0.0122
0.0
0.0
0.0
0.0
0.0
0.0
0.0
0.0
0.00405
0.0
0.0031
0.00286
0.00811
0.000954
0.0
0.00501
0.00381
0.000954
0.0
0.0
0.0
0.0031
0.0
0.0
0.0
0.00191
0.0
0.00119
0.00405
0.0
0.00119
0.000954
0.0
0.01
0.00596
0.00882
0.00596
0.0
0.00715
0.00691
0.0
0.0
0.0
0.000954
0.0
0.000954
0.0
0.0
0.000954
0.0169
0.000954
0.000954
0.00596
0.00405
0.00596
0.000954
0.000954
0.0
0.00381
0.0
0.0
0.00405
0.0
0.0
0.01
0.00906
0.00119
0.0
0.000954
0.0
0.00405
0.00405
0.0
0.000954
0.00501
0.0
0.000954
0.000954
0.0
0.000954
0.0
0.0
0.0
0.000954
0.0
0.0
0.0
0.00119
0.0
0.000954
0.0
0.0
0.0
0.000954
0.0
0.00119
0.0
0.0
0.0
0.000954
0.000954
0.0
0.0
0.0
0.0
0.00119
0.0
0.0
0.0
0.0
0.0
0.00119
0.0
0.0
0.000954
0.000954
0.0
0.0
0.0
0.0
0.0
0.0
0.0
0.000954
0.000954
0.0
0.0
0.0
0.000954
0.000954
0.0
0.0
0.0
0.0
0.0
0.000954
0.0
0.000954
0.000954
0.000954
0.000954
0.0
0.0
0.000954
0.000954
0.0
0.0
0.0
0.0
0.0
0.0
0.000954
0.000954
0.0
0.0
0.0
0.000954
0.0
0.0
0.0
0.000954
0.0
0.0
0.000954
0.0
0.000954
0.000954
0.000954
0.0
0.0
0.0
0.00119
0.0
0.000954
0.0
0.000954
0.0
0.0
0.0
0.0
0.0
0.000954
0.000954
0.0
0.0
0.0
0.000954
0.0
0.0
0.0
0.0
0.000954
0.0
0.0
0.0
0.0
0.000954
0.000954
0.0
0.000954
0.0
0.000954
0.000954
0.000954
0.0
0.0
0.0
0.000954
0.0
0.0
0.0
0.0
0.0
0.0
0.0
0.0
0.00119
0.0
0.0
0.000954
0.0
0.0
0.0
0.0
0.0
0.0
0.0
0.0
0.00119
0.000954
0.00119
0.0
0.000954
0.000954
0.0
0.0
0.0
0.00119
0.0
0.0
0.0
0.0
0.000954
0.0
0.000954
0.0
0.00119
0.000954
0.000954
0.0
0.000954
0.000954
0.0
0.000954
0.0
0.0
0.000954
0.0
0.0
0.0
0.000954
0.0
0.000954
0.0
0.000954
0.0
0.0
0.0
0.0
0.000954
0.0
0.000954
0.000954
0.000954
0.0
0.0
0.0
0.0
0.0
0.00405
0.000954
0.0
0.0
0.000954
0.000954
0.0
0.000954
0.00119
0.0
0.0
0.000954
0.000954
0.000954
0.000954
0.000954
0.0
0.0
0.000954
0.0
0.000954
0.000954
0.00191
0.000954
0.00191
0.000954
0.00191
0.000954
0.000954
0.0
0.000954
0.000954
0.000954
0.000954
0.000954
0.000954
0.000954
0.00119
0.0
0.00119
0.000954
0.000954
0.000954
0.000954
0.0
0.000954
0.000954
0.000954
0.000954
0.000954
0.000954
0.00119
0.0
0.000954
0.0
0.000954
0.0
0.000954
0.000954
0.0
0.000954
0.000954
0.000954
0.00191
0.000954
0.000954
0.000954
0.000954
0.0
0.0
0.0
0.000954
0.000954
0.000954
0.000954
0.000954
0.00119
0.000954
0.0
0.000954
0.000954
0.000954
0.000954
0.0
0.000954
0.000954
0.0
0.000954
0.000954
0.000954
0.0
0.000954
0.000954
0.000954
0.000954
0.000954
0.000954
0.0
0.000954
0.0
0.00119
0.000954
0.00501
0.000954
0.00191
0.000954
0.0
0.00119
0.00119
0.00215
0.000954
0.000954
0.0
0.000954
0.000954
0.000954
0.000954
0.00215
0.0
0.000954
0.0
0.000954
0.0
0.000954
0.000954
0.0
0.000954
0.000954
0.00191
0.000954
0.000954
0.0
0.000954
0.000954
0.000954
0.000954
0.0
0.000954
0.000954
0.0
0.000954
0.0
0.00119
0.000954
0.000954
0.000954
0.000954
0.000954
0.000954
0.0
0.0031
0.0319
0.016
0.0031
0.0131
0.00191
0.00596
0.00191
0.0291
0.00787
0.0341
0.000954
0.0031
0.0231
0.0238
0.0181
0.0148
0.015
0.000954
0.011
0.00215
0.00501
0.00119
0.0031
0.00286
0.000954
0.0031
0.0062
0.00215
0.00119
0.0031
0.0031
0.00215
0.00191
0.00405
0.00191
0.0129
0.00882
0.0031
0.00191
0.00405
0.0112
0.00191
0.00286
0.00811
0.00191
0.00215
0.00191
0.00691
0.00787
0.00191
0.00191
0.00215
0.0639
0.0331
0.0179
0.0141
0.0401
0.015
0.021
0.0272
0.025
0.0169
0.035
0.036
0.0288
0.0551
0.0339
0.0699
0.025
0.0379
0.016
0.031
0.0339
0.0241
0.021
0.0141
0.0248
0.015
0.0329
0.021
0.031
0.0231
0.035
0.021
0.0491
0.0329
0.0789
0.0639
0.051
0.026
0.0179
0.0501
0.0288
0.0651
0.0498
0.0691
0.0269
0.0222
0.0849
0.073
0.0379
0.0169
0.000954
0.031
0.037
0.0761
0.0629
0.047
0.03
0.0679
0.0429
0.036
0.0389
0.0432
0.0498
0.0689
0.047
0.0851
0.066
0.0579
0.03
0.097
0.0441
0.0629
0.026
0.0479
0.0219
0.0432
0.0639
0.041
0.0632
0.0341
0.0381
0.026
0.0439
0.0501
0.0272
0.0901
0.035
0.0541
0.0401
0.0501
0.0288
0.0851
0.0632
0.0541
0.0279
0.0489
0.0269
0.0129
0.0479
0.025
0.0572
0.00501
0.00691
0.0231
0.0279
0.052
0.026
0.00596
0.00501
0.0489
0.0269
0.00215
0.035
0.0229
0.00691
0.03
0.0329
0.0129
0.00501
0.00501
0.0639
0.0272
0.036
0.0219
0.0792
0.021
0.0179
0.0191
0.046
0.0529
0.0231
0.056
0.0229
0.00191
0.0119
0.026
0.02
0.0169
0.0529
0.041
0.0529
0.0248
0.0
0.016
0.015
0.00405
0.0198
0.0188
0.0031
0.0532
0.0401
0.0622
0.031
0.052
0.026
0.052
0.0272
0.0489
0.026
0.00715
0.047
0.036
0.0238
0.0231
0.02
0.00381
0.0
0.000954
0.000954
0.0031
0.000954
0.0031
0.000954
0.000954
0.000954
0.000954
0.00119
0.000954
0.0
0.000954
0.0031
0.000954
0.000954
0.000954
0.00119
0.00286
0.000954
0.00501
0.000954
0.000954
0.000954
0.0
0.000954
0.00119
0.000954
0.000954
0.000954
0.000954
0.0
0.000954
0.00119
0.000954
0.000954
0.000954
0.000954
0.0031
0.000954
0.000954
0.000954
0.00119
0.0
0.00119
0.00191
0.00119
0.00501
0.000954
0.0031
0.000954
0.00119
0.0
0.000954
0.00119
0.000954
0.00501
0.0
0.00191
0.000954
0.000954
0.000954
0.000954
0.00119
0.00215
0.000954
0.000954
0.000954
0.000954
0.0031
0.00215
0.0031
0.000954
0.00119
0.000954
0.000954
0.000954
0.000954
0.000954
0.00119
0.000954
0.000954
0.000954
0.000954
0.000954
0.000954
0.0031
0.0
0.0
0.000954
0.000954
0.000954
0.0
0.0
0.0
0.000954
0.000954
0.000954
0.000954
0.0
0.000954
0.0031
0.000954
0.000954
0.000954
0.000954
0.000954
0.0
0.00191
0.00119
0.000954
0.000954
0.0
0.0
0.00215
0.000954
0.0031
0.000954
0.0031
0.000954
0.00286
0.00119
0.000954
0.00119
0.000954
0.0
0.00119
0.000954
0.000954
0.000954
0.000954
0.00119
0.000954
0.0
0.00215
0.00405
0.000954
0.00119
0.000954
0.00215
0.000954
0.0
0.000954
0.000954
0.000954
0.000954
0.0031
0.000954
0.000954
0.000954
0.000954
0.00119
0.00119
0.000954
0.000954
0.0
0.0
0.000954
0.0
0.00119
0.000954
0.00191
0.0
0.000954
0.0
0.000954
0.000954
0.0
0.000954
0.000954
0.000954
0.000954
0.000954
0.0
0.00119
0.000954
0.000954
0.000954
0.000954
0.000954
0.00286
0.000954
0.0031
0.00119
0.00119
0.000954
0.00119
0.000954
0.00119
0.0
0.000954
0.000954
0.0
0.000954
0.0
0.0
0.000954
0.00286
0.000954
0.0031
0.00191
0.000954
0.00119
0.000954
0.0
0.0
0.000954
0.000954
0.000954
0.00119
0.00119
0.000954
0.000954
0.000954
0.000954
0.00191
0.000954
0.0031
0.000954
0.000954
0.000954
0.00286
0.000954
0.00119
0.0
0.000954
0.00119
0.00119
0.000954
0.0
0.000954
0.000954
0.00191
0.00191
0.000954
0.00191
0.00191
0.0
0.00119
0.0031
0.000954
0.000954
0.000954
0.0
0.000954
0.000954
0.000954
0.00119
0.000954
0.0
0.000954
0.000954
0.00191
0.00286
0.000954
0.000954
0.00119
0.00119
0.000954
0.0031
0.000954
0.000954
0.000954
0.00381
0.000954
0.0
0.00119
0.0031
0.000954
0.000954
0.00119
0.000954
0.000954
0.00119
0.0
0.000954
0.000954
0.000954
0.0031
0.00119
0.0031
0.000954
0.000954
0.000954
0.000954
0.000954
0.000954
0.000954
0.00119
0.0031
0.00119
0.000954
0.000954
0.000954
0.000954
0.00286
0.000954
0.0031
0.000954
0.00286
0.000954
0.00691
0.000954
0.000954
0.00215
0.00119
0.000954
0.00119
0.00286
0.000954
0.00405
0.000954
0.00286
0.000954
0.0031
0.000954
0.00191
0.000954
0.000954
0.00191
0.000954
0.000954
0.000954
0.00119
0.000954
0.00215
0.00119
0.000954
0.0
0.0031
0.00119
0.000954
0.00191
0.0
0.000954
0.00119
0.000954
0.000954
0.000954
0.0
0.000954
0.0
0.00191
0.00119
0.00191
0.000954
0.000954
0.000954
0.0031
0.000954
0.000954
0.000954
0.000954
0.0
0.000954
0.00119
0.00119
0.000954
0.000954
0.00215
0.0
0.0031
0.000954
0.0031
0.00119
0.00119
0.000954
0.000954
0.000954
0.000954
0.00191
0.00215
0.01
0.00191
0.00119
0.000954
0.000954
0.000954
0.00191
0.000954
0.000954
0.00191
0.0031
0.000954
0.0
0.000954
0.00119
0.000954
0.0031
0.00119
0.0031
0.000954
0.000954
0.000954
0.00119
0.0
0.000954
0.0031
0.00119
0.000954
0.00405
0.00119
0.00405
0.000954
0.00215
0.00119
0.000954
0.0
0.000954
0.000954
0.000954
0.0031
0.000954
0.000954
0.000954
0.000954
0.00119
0.00286
0.00119
0.00381
0.00191
0.00119
0.00119
0.000954
0.000954
0.00596
0.0031
0.00191
0.0331
0.0229
0.000954
0.00501
0.000954
0.0269
0.0222
0.00405
0.00215
0.00405
0.000954
0.00501
0.015
0.00286
0.00215
0.000954
0.00596
0.00501
0.00119
0.00405
0.0031
0.00119
0.00405
0.01
0.000954
0.000954
0.0031
0.00191
0.00191
0.00405
0.025
0.0241
0.00405
0.000954
0.00501
0.00596
0.00286
0.000954
0.00286
0.025
0.0219
0.000954
0.000954
0.000954
0.00215
0.000954
0.00405
0.0238
0.0241
0.00501
0.00215
0.00191
0.00405
0.00119
0.00405
0.000954
0.00215
0.000954
0.00286
0.00191
0.0
0.000954
0.000954
0.00215
0.000954
0.00191
0.00119
0.00381
0.0319
0.000954
0.0288
0.0281
0.000954
0.00405
0.00405
0.00501
0.00215
0.00381
0.000954
0.0191
0.000954
0.011
0.00191
0.000954
0.000954
0.0129
0.052
0.0341
0.000954
0.0119
0.00501
0.0319
0.021
0.00119
0.071
0.062
0.000954
0.0312
0.03
0.011
0.296
0.109
0.035
0.0739
0.0501
0.031
0.249
0.12
0.125
0.047
0.214
0.126
0.0379
0.0288
0.0319
0.03
0.106
0.178
0.0341
0.164
0.194
0.092
0.00501
0.181
0.051
0.0591
0.0939
0.00191
0.0291
0.0219
0.0811
0.067
0.000954
0.066
0.066
0.056
0.0391
0.000954
0.0341
0.025
0.00191
0.0389
0.025
0.000954
0.0181
0.00286
0.15
0.067
0.0341
0.067
0.107
0.0858
0.131
0.0551
0.106
0.134
0.234
0.0331
0.19
0.000954
0.0031
0.131
0.0479
0.198
0.0331
0.00501
0.00381
0.136
0.215
0.0439
0.0329
0.485
0.104
0.204
0.128
0.046
0.083
0.205
0.0989
0.122
0.0432
0.046
0.03
0.046
0.0329
0.105
0.134
0.0911
0.163
0.106
0.144
0.105
0.116
0.0892
0.175
0.078
0.102
0.052
0.077
0.0429
0.0911
0.0341
0.0749
0.124
0.116
0.104
0.0429
0.153
0.0381
0.151
0.092
0.144
0.129
0.0551
0.0789
0.0219
0.000954
0.0291
0.0229
0.000954
0.026
0.021
0.000954
0.00501
0.00191
0.00596
0.00906
0.139
0.167
0.15
0.0269
0.0162
0.0062
0.0949
0.042
0.0608
0.12
0.0749
0.000954
0.0062
17.1
0.082
0.0911
0.025
0.111
0.0949
0.00405
0.0522
0.047
0.00191
0.00405
0.00501
0.035
0.0288
0.0181
0.0701
0.0632
0.0279
0.0589
0.0498
0.131
0.0291
0.117
0.133
0.0541
0.0582
0.0219
0.036
0.036
0.0329
0.199
0.105
0.072
0.0348
0.0739
0.015
0.000954
0.0401
0.0439
0.0279
0.00119
0.000954
0.00501
0.000954
0.0269
0.035
0.00191
0.0219
0.0191
0.0341
0.0248
0.000954
0.00596
0.00215
0.188
0.0389
0.0949
0.0329
0.166
0.289
0.0031
0.0231
0.2
0.123
0.0899
0.03
0.141
0.0322
0.0851
0.159
0.0401
0.174
0.0639
0.0899
0.047
0.0319
0.061
0.148
0.0582
0.0331
0.031
0.0219
0.0169
0.0191
0.0129
0.041
0.03
0.0842
0.123
0.0911
0.0141
0.031
0.0269
0.00381
0.097
0.0489
0.0331
0.067
0.035
0.0339
0.0341
0.0219
0.0899
0.042
0.0582
0.11
0.0701
0.0541
0.088
0.035
0.057
0.051
0.066
0.0269
0.0801
0.0551
0.025
0.0391
0.0448
0.000954
0.0031
0.12
0.026
0.0319
0.0679
0.0231
0.0508
0.0339
0.122
0.026
0.078
0.0231
0.0188
0.0401
0.0191
0.0298
0.092
0.0501
0.00405
0.00119
0.00882
0.00119
0.016
0.00119
0.011
0.000954
0.00215
0.0031
0.026
0.02
0.00286
0.0999
0.0591
0.0429
0.036
0.0601
0.0241
0.125
0.021
0.144
0.0389
0.047
0.035
0.0231
0.00715
0.00501
0.0989
0.031
0.0341
0.143
0.0551
0.0432
0.000954
0.0181
0.0162
0.00286
0.016
0.0181
0.0138
0.000954
0.0031
0.0489
0.052
0.0429
0.00191
0.15
0.0269
0.0861
0.0179
0.121
0.077
0.104
0.041
0.0701
0.0241
0.0379
0.119
0.0169
0.0811
0.0951
0.112
0.0231
0.0288
0.0329
0.0422
0.00906
0.000954
0.00191
0.000954
0.00119
0.00119
0.00119
0.000954
0.000954
0.000954
0.000954
0.00191
0.0939
0.0901
0.02
0.0229
0.056
0.0341
0.00191
0.01
0.00191
0.02
0.0808
0.0479
0.0701
0.0522
0.021
0.082
0.061
0.0999
0.135
0.0229
0.0801
0.0961
0.0432
0.0279
0.113
0.021
0.0679
0.031
0.083
0.0319
0.0501
0.00215
0.000954
0.00119
0.0968
0.0169
0.000954
0.0179
0.016
0.00191
0.0989
0.0269
0.0231
0.036
0.031
0.03
0.141
0.0961
0.02
0.0191
0.0689
0.0288
0.13
0.087
0.0329
0.00215
0.000954
0.00691
0.011
0.00191
0.0379
0.021
0.000954
0.077
0.0589
0.101
0.0238
0.00405
0.000954
0.0179
0.015
0.000954
0.078
0.051
0.0389
0.0238
0.00215
0.0181
0.016
0.000954
0.000954
0.0238
0.0191
0.000954
0.0288
0.0219
0.0191
0.0179
0.00787
0.011
0.000954
0.00215
0.000954
0.000954
0.00119
0.0181
0.0119
0.00191
0.061
0.047
0.0591
0.00191
0.000954
0.00215
0.00119
0.000954
0.00286
0.000954
0.0
0.000954
0.00787
0.00215
0.00787
0.000954
0.00715
0.00119
0.021
0.0172
0.00119
0.00119
0.000954
0.000954
0.00596
0.000954
0.000954
0.000954
0.000954
0.00191
0.0031
0.000954
0.000954
0.02
0.0179
0.0191
0.0181
0.000954
0.000954
0.025
0.0191
0.000954
0.0348
0.0999
0.0401
0.000954
0.00119
0.00119
0.00119
0.000954
0.000954
0.00191
0.000954
0.00191
0.00191
0.000954
0.000954
0.000954
0.00215
0.00119
0.00119
0.000954
0.00119
0.000954
0.00119
0.00215
0.00215
0.00119
0.00119
0.00119
0.00119
0.00119
0.00119
0.000954
0.000954
0.0
0.00191
0.000954
0.000954
0.000954
0.000954
0.00215
0.000954
0.00119
0.000954
0.000954
0.0
0.000954
0.00215
0.000954
0.000954
0.000954
0.000954
0.000954
0.00191
0.0
0.00119
0.000954
0.00119
0.000954
0.000954
0.00191
0.000954
0.00191
0.000954
0.00119
0.00119
0.000954
0.00119
0.00215
0.00286
0.000954
0.000954
0.000954
0.0
0.000954
0.000954
0.000954
0.000954
0.000954
0.000954
0.00119
0.00215
0.00119
0.000954
0.000954
0.00191
0.0
0.000954
0.000954
0.000954
0.000954
0.000954
0.00191
0.00215
0.000954
0.00215
0.00119
0.00215
0.0
0.00191
0.00119
0.00119
0.00119
0.000954
0.000954
0.000954
0.000954
0.000954
0.000954
0.0
0.000954
0.0
0.00119
0.000954
0.00119
0.000954
0.00215
0.000954
0.00215
0.000954
0.000954
0.00119
0.00119
0.00119
0.000954
0.000954
0.000954
0.00191
0.00191
0.000954
0.0
0.000954
0.000954
0.000954
0.000954
0.000954
0.000954
0.000954
0.000954
0.000954
0.000954
0.000954
0.000954
0.00119
0.00119
0.000954
0.00119
0.000954
0.00119
0.00119
0.000954
0.000954
0.00119
0.000954
0.000954
0.00119
0.00119
0.000954
0.0
0.00119
0.000954
0.000954
0.000954
0.000954
0.000954
0.000954
0.000954
0.00215
0.00215
0.00119
0.000954
0.000954
0.00119
0.00119
0.000954
0.00119
0.00119
0.000954
0.000954
0.0
0.00119
0.000954
0.00119
0.000954
0.00119
0.000954
0.00119
0.000954
0.000954
0.000954
0.000954
0.000954
0.0
0.000954
0.000954
0.000954
0.000954
0.0
0.000954
0.000954
0.0
0.000954
0.000954
0.000954
0.000954
0.000954
0.000954
0.000954
0.000954
0.000954
0.000954
0.000954
0.000954
0.0
0.00119
0.000954
0.000954
0.000954
0.000954
0.00191
0.000954
0.000954
0.000954
0.000954
0.000954
0.000954
0.000954
0.000954
0.0
0.0
0.00119
0.0
0.00119
0.0
0.000954
0.0
0.0
0.00119
0.000954
0.000954
0.000954
0.00119
0.00119
0.00119
0.0
0.000954
0.000954
0.000954
0.000954
0.0
0.000954
0.000954
0.000954
0.0
0.00119
0.00119
0.000954
0.000954
0.000954
0.000954
0.0
0.0
0.0
0.000954
0.00119
0.0
0.000954
0.0
0.000954
0.0
0.000954
0.0
0.0
0.000954
0.000954
0.0
0.000954
0.00286
0.00191
0.00191
0.000954
0.000954
0.000954
0.000954
0.000954
0.00119
0.000954
0.00215
0.000954
0.000954
0.000954
0.000954
0.00119
0.000954
0.000954
0.000954
0.000954
0.000954
0.000954
0.000954
0.00119
0.000954
0.000954
0.000954
0.000954
0.000954
0.00215
0.000954
0.00119
0.00119
0.00215
0.000954
0.000954
0.000954
0.000954
0.0
0.000954
0.00119
0.00119
0.00119
0.000954
0.000954
0.000954
0.000954
0.00119
0.000954
0.000954
0.000954
0.000954
0.000954
0.00119
0.000954
0.000954
0.000954
0.000954
0.0
0.00119
0.0
0.000954
0.000954
0.000954
0.000954
0.000954
0.00119
0.00119
0.00119
0.000954
0.000954
0.000954
0.000954
0.000954
0.0
0.000954
0.000954
0.000954
0.000954
0.000954
0.000954
0.00119
0.0
0.000954
0.000954
0.000954
0.000954
0.000954
0.000954
0.00119
0.000954
0.000954
0.00119
0.00215
0.00119
0.00191
0.000954
0.00215
0.000954
0.000954
0.00119
0.00119
0.00191
0.000954
0.0
0.000954
0.000954
0.000954
0.000954
0.00215
0.00119
0.000954
0.000954
0.000954
0.00119
0.00119
0.0
0.00191
0.000954
0.000954
0.000954
0.00119
0.00119
0.00191
0.0
0.00191
0.000954
0.000954
0.000954
0.000954
0.0
0.00215
0.00191
0.000954
0.0
0.000954
0.0
0.00119
0.000954
0.000954
0.000954
0.000954
0.000954
0.000954
0.00191
0.00191
0.0
0.000954
0.000954
0.00191
0.000954
0.00215
0.000954
0.000954
0.000954
0.000954
0.000954
0.000954
0.0
0.000954
0.00119
0.00119
0.000954
0.000954
0.000954
0.000954
0.0
0.000954
0.000954
0.000954
0.0
0.00191
0.000954
0.000954
0.000954
0.00119
0.00119
0.000954
0.000954
0.000954
0.000954
0.000954
0.0
0.00215
0.0
0.000954
0.000954
0.000954
0.000954
0.000954
0.000954
0.00119
0.000954
0.00215
0.00119
0.00119
0.000954
0.00119
0.0
0.00119
0.00215
0.0031
0.00119
0.00215
0.0
0.000954
0.000954
0.000954
0.000954
0.00191
0.00191
0.00191
0.000954
0.00191
0.00215
0.00215
0.000954
0.00191
0.000954
0.00191
0.000954
0.00191
0.00119
0.00215
0.000954
0.000954
0.0
0.00215
0.00119
0.00119
0.000954
0.00191
0.000954
0.000954
0.0
0.000954
0.000954
0.00191
0.000954
0.00119
0.000954
0.000954
0.00191
0.000954
0.00119
0.00215
0.000954
0.000954
0.000954
0.000954
0.000954
0.000954
0.0
0.000954
0.0
0.000954
0.0
0.000954
0.00119
0.000954
0.000954
0.000954
0.000954
0.000954
0.000954
0.000954
0.000954
0.000954
0.000954
0.000954
0.000954
0.00119
0.000954
0.000954
0.0
0.000954
0.000954
0.000954
0.0
0.000954
0.000954
0.00191
0.00119
0.00286
0.000954
0.00191
0.000954
0.000954
0.00191
0.000954
0.0
0.000954
0.000954
0.000954
0.000954
0.000954
0.000954
0.000954
0.000954
0.000954
0.00596
0.000954
0.00119
0.000954
0.00191
0.000954
0.00286
0.000954
0.000954
0.000954
0.00286
0.000954
0.00191
0.000954
0.000954
0.000954
0.000954
0.000954
0.0031
0.000954
0.00286
0.000954
0.000954
0.000954
0.000954
0.00215
0.000954
0.000954
0.0
0.000954
0.00191
0.000954
0.00191
0.00191
0.000954
0.00215
0.000954
0.000954
0.000954
0.000954
0.0
0.000954
0.000954
0.000954
0.0031
0.000954
0.0031
0.00215
0.00215
0.000954
0.00215
0.000954
0.00119
0.00119
0.00215
0.00119
0.000954
0.000954
0.000954
0.00191
0.000954
0.00191
0.000954
0.000954
0.000954
0.00191
0.000954
0.00119
0.000954
0.000954
0.000954
0.000954
0.00191
0.000954
0.00191
0.000954
0.000954
0.000954
0.00119
0.00191
0.0129
0.00191
0.0031
0.000954
0.000954
0.00215
0.00405
0.000954
0.000954
0.00191
0.000954
0.00215
0.00286
0.000954
0.000954
0.000954
0.000954
0.00215
0.00501
0.0031
0.00501
0.00119
0.00215
0.00191
0.0031
0.000954
0.00191
0.000954
0.00191
0.000954
0.0319
0.021
0.000954
0.00286
0.000954
0.00286
0.000954
0.00286
0.000954
0.00215
0.00119
0.00215
0.00215
0.00215
0.00119
0.00215
0.000954
0.0031
0.000954
0.0031
0.00191
0.0031
0.00119
0.00119
0.00119
0.0031
0.00119
0.0031
0.000954
0.00215
0.000954
0.00119
0.000954
0.000954
0.000954
0.00191
0.000954
0.00215
0.000954
0.00215
0.000954
0.000954
0.00119
0.0031
0.00119
0.0131
0.0472
0.0212
0.00119
0.00215
0.00119
0.00215
0.00119
0.00191
0.000954
0.00191
0.000954
0.0031
0.00215
0.00191
0.00215
0.0031
0.00119
0.0031
0.000954
0.000954
0.00119
0.00596
0.00191
0.00215
0.00191
0.00405
0.00119
0.00286
0.00191
0.00501
0.00215
0.0031
0.00191
0.00191
0.000954
0.00191
0.00119
0.00215
0.000954
0.00191
0.00119
0.00215
0.00191
0.00191
0.00191
0.000954
0.00119
0.00119
0.00215
0.000954
0.000954
0.000954
0.00191
0.000954
0.000954
0.000954
0.000954
0.000954
0.000954
0.00119
0.000954
0.000954
0.000954
0.000954
0.000954
0.000954
0.000954
0.0
0.000954
0.000954
0.000954
0.000954
0.00191
0.000954
0.000954
0.0
0.00119
0.000954
0.00191
0.000954
0.000954
0.000954
0.00215
0.00119
0.000954
0.000954
0.00119
0.000954
0.000954
0.000954
0.000954
0.000954
0.000954
0.00119
0.00119
0.000954
0.00191
0.000954
0.000954
0.000954
0.000954
0.00119
0.00119
0.000954
0.000954
0.000954
0.00215
0.00119
0.00119
0.000954
0.00191
0.000954
0.00191
0.00119
0.000954
0.0
0.000954
0.000954
0.000954
0.000954
0.000954
0.00119
0.00119
0.000954
0.000954
0.000954
0.000954
0.0
0.000954
0.00596
0.000954
0.000954
0.00191
0.000954
0.000954
0.000954
0.00215
0.000954
0.000954
0.00191
0.000954
0.00191
0.000954
0.00215
0.00191
0.000954
0.000954
0.000954
0.00191
0.000954
0.000954
0.000954
0.00119
0.0
0.000954
0.000954
0.000954
0.000954
0.000954
0.00119
0.000954
0.0
0.00191
0.000954
0.00119
0.0
0.000954
0.00119
0.000954
0.0
0.000954
0.0
0.00119
0.000954
0.000954
0.000954
0.000954
0.0
0.00119
0.000954
0.000954
0.000954
0.000954
0.0
0.000954
0.00119
0.00119
0.0
0.000954
0.000954
0.00191
0.000954
0.00191
0.0
0.00119
0.000954
0.000954
0.000954
0.000954
0.00215
0.000954
0.000954
0.00191
0.0
0.000954
0.000954
0.000954
0.00119
0.000954
0.000954
0.000954
0.000954
0.000954
0.000954
0.00215
0.0
0.00215
0.0
0.000954
0.000954
0.000954
0.000954
0.00215
0.000954
0.000954
0.000954
0.000954
0.000954
0.00119
0.0
0.000954
0.000954
0.00119
0.000954
0.000954
0.000954
0.000954
0.000954
0.000954
0.000954
0.00191
0.000954
0.00191
0.000954
0.000954
0.00119
0.000954
0.000954
0.000954
0.000954
0.000954
0.00119
0.000954
0.00119
0.000954
0.0
0.000954
0.000954
0.00119
0.0
0.000954
0.0
0.00191
0.000954
0.000954
0.0
0.00215
0.0
0.000954
0.000954
0.000954
0.000954
0.000954
0.0
0.000954
0.0
0.000954
0.000954
0.000954
0.0
0.000954
0.000954
0.00215
0.000954
0.000954
0.000954
0.000954
0.000954
0.00191
0.000954
0.00191
0.000954
0.00191
0.000954
0.00191
0.000954
0.000954
0.000954
0.000954
0.000954
0.000954
0.00119
0.000954
0.000954
0.000954
0.0
0.00119
0.000954
0.000954
0.000954
0.000954
0.000954
0.000954
0.00119
0.00119
0.000954
0.00191
0.000954
0.000954
0.000954
0.000954
0.000954
0.000954
0.000954
0.00215
0.0
0.000954
0.00119
0.000954
0.000954
0.000954
0.000954
0.000954
0.000954
0.000954
0.00119
0.000954
0.000954
0.00215
0.000954
0.000954
0.000954
0.000954
0.00191
0.000954
0.000954
0.000954
0.000954
0.00191
0.000954
0.00119
0.00119
0.000954
0.00119
0.00119
0.000954
0.000954
0.000954
0.000954
0.000954
0.000954
0.000954
0.00191
0.000954
0.00119
0.000954
0.000954
0.000954
0.00191
0.000954
0.00191
0.0
0.000954
0.000954
0.000954
0.000954
0.000954
0.000954
0.000954
0.00119
0.000954
0.000954
0.000954
0.0
0.000954
0.000954
0.00119
0.0
0.000954
0.00119
0.000954
0.000954
0.000954
0.00119
0.00119
0.00119
0.000954
0.000954
0.000954
0.000954
0.00119
0.00119
0.000954
0.00191
0.000954
0.000954
0.000954
0.00215
0.0
0.00119
0.000954
0.00191
0.000954
0.000954
0.000954
0.000954
0.000954
0.00119
0.00215
0.000954
0.000954
0.000954
0.000954
0.0
0.00191
0.0
0.00215
0.00119
0.000954
0.000954
0.000954
0.000954
0.000954
0.000954
0.000954
0.00119
0.000954
0.000954
0.000954
0.000954
0.00215
0.000954
0.000954
0.00191
0.000954
0.00215
0.000954
0.000954
0.00119
0.000954
0.000954
0.000954
0.000954
0.000954
0.000954
0.000954
0.000954
0.0
0.000954
0.00119
0.000954
0.000954
0.000954
0.000954
0.00119
0.00119
0.000954
0.00191
0.000954
0.000954
0.00119
0.000954
0.0
0.00215
0.0
0.000954
0.0
0.000954
0.00215
0.000954
0.00119
0.00119
0.0
0.0
0.000954
0.00119
0.00119
0.000954
0.000954
0.000954
0.0
0.000954
0.000954
0.000954
0.000954
0.000954
0.00119
0.000954
0.000954
0.000954
0.000954
0.000954
0.000954
0.000954
0.000954
0.00119
0.00119
0.000954
0.00119
0.000954
0.000954
0.000954
0.000954
0.000954
0.000954
0.000954
0.000954
0.000954
0.000954
0.000954
0.000954
